A = [4,8;2,4];

B = [1,1;1,-1];

C = [B;B];

D=[B,B;B,-B];
 d = [1 2 3 3  ]
  a= [0,0,0,111,0,0,0;0,0,111,0,111,0,0;0,111,0,0,0,111,0;111,0,0,111,0,0,111;0,111,0,0,0,111,0;0,0,111,0,111,0,0;0,0,0,111,0,0,0]